       314.126 20
       354.517 20
       269.077 20
       399.601 20
       301.68 20
       366.985 20
       248.922 20
       419.772 20
       228.742 20
       439.936 20
       334.274 20
       281.518 20
       203.697 20
       183.541 20
       321.797 20
       216.14 20
       387.177 20
       407.144 20
       472.414 20
       459.892 20
       374.451 20
       492.505 20
       525.147 20
       505.054 20
       545.37 20
       512.72 20
       565.557 20
       598.199 20
       630.812 20
       610.641 20
       578.025 20
       643.296 20
       663.47 20
       675.913 20
       696.084 20
       557.83 20
       716.247 20
       163.294 20
       110.529 20
       77.856 20
       143.132 20
       98.031 20
       130.664 20
       195.934 20
       123.009 20
       20 1032.358
       20 970.16
       20 931.802
       20 908.015
       20 869.706
       20 831.498
       20 807.705
       20 769.246
       20 730.888
       20 707.232
       20 668.793
       20 645.254
       20 607.171
       20 582.933
       20 545.006
       20 506.617
       20 482.199
       20 444.245
       20 458.993
       20 420.631
       20 382.312
       20 358.615
       20 320.397
       20 258.135
       20 219.659
       20 181.2
       20 157.751
       20 119.235
       20 57.295
       175.841 20
       57.752 20
       208.438 20
       261.306 20
       537.428 20
       484.876 20
       236.3 20
       650.976 20
       20 281.802
       293.917 20
       570.341 20
       589.991 20
       20 630.503
       452.412 20
       289.137 20
       480.115 20
